38
1251
1077
885
192
457
921
1056
544
110
1311
1308
469
807
797
1255
560
2
51
746
1306
1199
35
920
662
249
1210
1088
821
265
1246
1160
1043
876
1006
338
1244
1183
1139
414
773
333
388
927
65
263
708
363
618
17
137
1114
478
45
1182
676
1102
796
459
1060
1213
884
299
289
1259
402
641
68
1136
1264
994
354
311
187
255
1156
523
1188
382
1099
1140
1212
1117
347
196
1031
178
1138
200
1226
1319
1180
687
841
1151
582
747
619
41
315
949
830
916
1076
366
1067
359
863
551
893
121
423
508
304
384
12
1181
586
906
655
105
223
151
1050
3
850
625
1297
883
724
840
1191
960
1174
996
1153
606
334
945
771
135
1238
956
599
1124
795
204
100
580
815
954
968
558
44
8
139
350
629
374
211
844
1229
847
1170
36
80
1032
454
1279
859
562
1320
1178
622
639
602
962
1241
340
1192
709
1185
715
605
653
57
720
130
472
714
447
1315
277
698
148
978
1204
1069
899
1301
552
776
430
189
985
492
62
1020
851
422
526
718
39
1090
1304
647
232
1195
668
958
791
21
1130
1168
1048
120
495
897
1025
1266
872
67
1034
833
455
353
725
1161
1012
1173
1049
1082
183
387
197
834
131
581
336
199
723
600
221
915
739
1165
585
730
441
934
1149
13
258
556
58
155
201
1300
699
108
1013
1145
1016
1052
516
203
1196
1000
296
330
1097
147
465
983
529
481
1109
612
66
991
1080
778
761
140
84
437
429
939
955
659
570
133
742
767
561
109
886
829
453
611
1128
229
532
1294
236
999
112
656
157
1323
1239
230
959
607
538
664
1322
569
198
1222
91
674
995
474
878
305
480
471
308
711
816
752
696
1317
54
993
368
503
749
1093
784
913
1126
439
1120
240
114
72
1290
344
309
1011
378
501
33
434
775
18
1150
1003
594
7
63
957
185
1166
191
61
536
1001
1047
292
102
684
49
127
801
615
800
942
1146
512
56
987
426
504
928
559
168
1133
621
1029
705
370
493
528
446
307
681
1225
1307
1071
153
1298
753
313
31
1206
1096
250
268
613
783
52
420
1086
270
172
362
842
864
90
846
215
583
15
1271
879
1030
1024
787
862
385
269
93
549
672
123
1263
748
891
403
637
740
1176
1302
766
848
760
685
665
565
918
371
658
281
134
324
866
1314
969
1094
462
323
587
741
380
209
802
1104
1129
910
73
557
1058
926
24
853
132
786
70
411
578
267
1186
835
525
828
1281
947
117
780
573
535
1232
319
868
689
48
242
152
972
575
138
929
832
1285
1227
695
463
499
241
220
486
442
208
1078
694
280
547
488
10
