43
794
781
1175
193
408
1216
750
485
116
1312
1310
416
1228
758
1258
506
0
69
849
1299
1219
34
887
1205
239
1224
1115
792
251
1254
1163
1027
836
731
306
1253
882
1286
369
728
300
357
1321
86
248
661
329
588
20
146
1112
425
53
1200
1159
940
683
409
965
1103
1141
275
271
892
364
608
89
1135
736
970
320
285
182
244
631
466
1256
348
1095
979
1036
638
314
194
1142
179
1137
207
1236
648
1074
1026
804
1152
533
703
589
47
287
912
1261
617
1143
332
1051
325
822
490
824
126
376
458
276
351
9
627
539
871
609
107
225
161
759
1
805
595
1287
1267
677
1257
1209
933
1190
973
1155
564
301
1037
727
145
1275
666
550
1119
756
213
104
530
768
922
938
502
50
5
150
317
601
343
218
806
889
809
1233
40
96
1022
406
1193
1245
509
1324
1269
757
555
935
1252
310
869
1062
924
563
616
77
673
136
418
649
400
1316
259
1084
160
675
1201
1053
867
1167
491
733
383
184
961
433
81
1004
1177
375
470
671
46
1055
1295
610
228
707
632
717
1038
25
811
1172
762
125
438
782
1010
1270
1211
88
1023
772
407
318
686
1164
989
1179
1035
1072
180
356
195
1291
141
531
303
206
682
554
224
905
697
857
537
688
394
1289
820
11
245
496
78
165
210
895
660
111
990
1008
925
904
464
212
1087
977
273
297
1100
159
413
952
477
428
1107
574
87
966
1068
737
721
158
97
390
381
902
923
626
517
143
702
726
507
113
855
789
405
571
1122
226
479
941
233
976
118
623
167
1326
1249
227
1002
566
484
628
1325
515
202
1234
101
634
971
421
843
278
427
417
282
670
779
713
654
1063
74
1042
337
452
712
1085
744
881
1121
391
1116
235
119
94
1292
312
284
980
345
449
32
386
735
22
1148
984
543
4
82
931
181
1171
188
79
483
981
669
1028
272
106
643
60
129
764
584
763
908
1144
460
76
967
379
456
896
505
170
1134
593
1018
663
339
435
476
398
279
642
1235
1309
1057
163
1288
716
286
29
1223
1092
243
253
576
743
71
372
1075
256
173
328
808
825
99
810
219
534
14
1273
845
1019
1014
755
823
352
254
103
489
633
128
1268
710
858
365
604
700
1189
1283
722
812
719
644
630
510
888
341
624
264
144
293
827
1313
944
1091
410
291
540
701
346
217
765
1106
1127
880
95
500
1040
894
27
818
142
751
92
367
522
252
1208
799
468
788
1282
914
124
738
519
482
1247
288
831
646
59
238
162
948
520
149
901
793
1284
1242
651
412
448
237
222
431
396
216
1064
650
260
487
432
6
